Epoch 0 Weight results for first convolution layer TCGA-BRCA: tensor([[[[-0.0017,  0.1796, -0.2738],
          [-0.2448, -0.1279,  0.0903],
          [-0.0059,  0.2649, -0.0290]]],


        [[[ 0.0875, -0.1008, -0.0660],
          [-0.3185, -0.2209, -0.1372],
          [ 0.0123,  0.1310,  0.1991]]],


        [[[-0.2259, -0.1453,  0.1210],
          [ 0.2775, -0.0679,  0.2490],
          [-0.0541,  0.0350,  0.3021]]],


        [[[-0.3090, -0.2098, -0.0840],
          [-0.1297,  0.2880, -0.2157],
          [-0.1530, -0.2330, -0.3115]]],


        [[[-0.1947,  0.2860,  0.1483],
          [ 0.1611,  0.0174, -0.1706],
          [ 0.0563, -0.3111, -0.2408]]],


        [[[-0.1714,  0.2107,  0.1950],
          [-0.1477, -0.0124,  0.2135],
          [ 0.3312,  0.1316,  0.0446]]]])
Epoch 0 Weight results for first convolution layer TCGA-KIRC: tensor([[[[-0.0016,  0.1804, -0.2734],
          [-0.2446, -0.1274,  0.0912],
          [-0.0052,  0.2656, -0.0278]]],


        [[[ 0.0885, -0.0994, -0.0645],
          [-0.3175, -0.2197, -0.1364],
          [ 0.0136,  0.1324,  0.2004]]],


        [[[-0.2248, -0.1441,  0.1222],
          [ 0.2786, -0.0669,  0.2499],
          [-0.0530,  0.0360,  0.3032]]],


        [[[-0.3103, -0.2109, -0.0853],
          [-0.1306,  0.2873, -0.2168],
          [-0.1541, -0.2342, -0.3124]]],


        [[[-0.1960,  0.2852,  0.1473],
          [ 0.1598,  0.0161, -0.1715],
          [ 0.0554, -0.3123, -0.2418]]],


        [[[-0.1705,  0.2117,  0.1961],
          [-0.1472, -0.0116,  0.2141],
          [ 0.3322,  0.1326,  0.0455]]]])
Epoch 0 Weight results for first convolution layer TCGA-KIRP: tensor([[[[-0.0023,  0.1808, -0.2744],
          [-0.2454, -0.1284,  0.0901],
          [-0.0059,  0.2650, -0.0282]]],


        [[[ 0.0895, -0.0989, -0.0641],
          [-0.3185, -0.2203, -0.1374],
          [ 0.0128,  0.1318,  0.1996]]],


        [[[-0.2230, -0.1424,  0.1238],
          [ 0.2803, -0.0652,  0.2517],
          [-0.0538,  0.0349,  0.3023]]],


        [[[-0.3122, -0.2128, -0.0872],
          [-0.1323,  0.2857, -0.2186],
          [-0.1543, -0.2344, -0.3126]]],


        [[[-0.1956,  0.2859,  0.1475],
          [ 0.1593,  0.0148, -0.1717],
          [ 0.0548, -0.3125, -0.2421]]],


        [[[-0.1690,  0.2131,  0.1976],
          [-0.1473, -0.0117,  0.2137],
          [ 0.3312,  0.1317,  0.0447]]]])
Epoch 0 Weight results for first convolution layer TCGA-LIHC: tensor([[[[-0.0018,  0.1814, -0.2743],
          [-0.2456, -0.1269,  0.0913],
          [-0.0057,  0.2663, -0.0279]]],


        [[[ 0.0883, -0.0977, -0.0628],
          [-0.3194, -0.2203, -0.1363],
          [ 0.0121,  0.1328,  0.2011]]],


        [[[-0.2233, -0.1412,  0.1250],
          [ 0.2815, -0.0638,  0.2531],
          [-0.0530,  0.0364,  0.3035]]],


        [[[-0.3134, -0.2144, -0.0886],
          [-0.1334,  0.2852, -0.2197],
          [-0.1558, -0.2360, -0.3141]]],


        [[[-0.1967,  0.2856,  0.1462],
          [ 0.1590,  0.0139, -0.1731],
          [ 0.0540, -0.3139, -0.2436]]],


        [[[-0.1675,  0.2147,  0.1989],
          [-0.1458, -0.0101,  0.2153],
          [ 0.3328,  0.1333,  0.0463]]]])
Epoch 0 Weight results for first convolution layer TCGA-LUAD: tensor([[[[-0.0015,  0.1814, -0.2739],
          [-0.2452, -0.1268,  0.0908],
          [-0.0057,  0.2661, -0.0279]]],


        [[[ 0.0879, -0.0982, -0.0630],
          [-0.3192, -0.2203, -0.1373],
          [ 0.0115,  0.1321,  0.1999]]],


        [[[-0.2242, -0.1424,  0.1238],
          [ 0.2798, -0.0649,  0.2521],
          [-0.0544,  0.0350,  0.3025]]],


        [[[-0.3124, -0.2135, -0.0873],
          [-0.1323,  0.2863, -0.2187],
          [-0.1550, -0.2354, -0.3134]]],


        [[[-0.1966,  0.2848,  0.1459],
          [ 0.1584,  0.0136, -0.1733],
          [ 0.0543, -0.3131, -0.2429]]],


        [[[-0.1679,  0.2142,  0.1987],
          [-0.1462, -0.0107,  0.2147],
          [ 0.3321,  0.1327,  0.0455]]]])
Epoch 0 Weight results for first convolution layer TCGA-LUSC: tensor([[[[-0.0019,  0.1808, -0.2743],
          [-0.2455, -0.1272,  0.0903],
          [-0.0062,  0.2657, -0.0284]]],


        [[[ 0.0888, -0.0974, -0.0621],
          [-0.3192, -0.2202, -0.1379],
          [ 0.0109,  0.1316,  0.1995]]],


        [[[-0.2226, -0.1410,  0.1248],
          [ 0.2815, -0.0633,  0.2537],
          [-0.0528,  0.0366,  0.3041]]],


        [[[-0.3137, -0.2149, -0.0890],
          [-0.1335,  0.2850, -0.2201],
          [-0.1566, -0.2369, -0.3151]]],


        [[[-0.1960,  0.2847,  0.1463],
          [ 0.1585,  0.0137, -0.1729],
          [ 0.0545, -0.3126, -0.2432]]],


        [[[-0.1666,  0.2155,  0.2000],
          [-0.1446, -0.0092,  0.2163],
          [ 0.3326,  0.1334,  0.0462]]]])
Epoch 0 Weight results for first convolution layer TCGA-PRAD: tensor([[[[-0.0019,  0.1808, -0.2743],
          [-0.2454, -0.1271,  0.0904],
          [-0.0061,  0.2659, -0.0282]]],


        [[[ 0.0885, -0.0977, -0.0624],
          [-0.3197, -0.2207, -0.1385],
          [ 0.0103,  0.1310,  0.1988]]],


        [[[-0.2222, -0.1406,  0.1252],
          [ 0.2819, -0.0629,  0.2542],
          [-0.0523,  0.0370,  0.3045]]],


        [[[-0.3145, -0.2157, -0.0900],
          [-0.1344,  0.2840, -0.2209],
          [-0.1567, -0.2365, -0.3146]]],


        [[[-0.1961,  0.2843,  0.1460],
          [ 0.1577,  0.0138, -0.1729],
          [ 0.0540, -0.3127, -0.2434]]],


        [[[-0.1663,  0.2157,  0.2003],
          [-0.1448, -0.0095,  0.2158],
          [ 0.3316,  0.1324,  0.0453]]]])
Epoch 0 Weight results for first convolution layer TCGA-THCA: tensor([[[[-0.0023,  0.1803, -0.2747],
          [-0.2458, -0.1274,  0.0900],
          [-0.0066,  0.2655, -0.0287]]],


        [[[ 0.0890, -0.0972, -0.0618],
          [-0.3192, -0.2203, -0.1380],
          [ 0.0105,  0.1313,  0.1992]]],


        [[[-0.2222, -0.1405,  0.1253],
          [ 0.2823, -0.0624,  0.2546],
          [-0.0517,  0.0377,  0.3052]]],


        [[[-0.3148, -0.2157, -0.0901],
          [-0.1352,  0.2831, -0.2219],
          [-0.1577, -0.2376, -0.3157]]],


        [[[-0.1969,  0.2841,  0.1457],
          [ 0.1570,  0.0131, -0.1733],
          [ 0.0531, -0.3137, -0.2445]]],


        [[[-0.1655,  0.2165,  0.2011],
          [-0.1439, -0.0086,  0.2167],
          [ 0.3324,  0.1332,  0.0460]]]])
Epoch 0 Weight results for first convolution layer TCGA-UCEC: tensor([[[[-0.0035,  0.1800, -0.2752],
          [-0.2460, -0.1271,  0.0893],
          [-0.0076,  0.2655, -0.0284]]],


        [[[ 0.0894, -0.0972, -0.0624],
          [-0.3190, -0.2206, -0.1388],
          [ 0.0109,  0.1317,  0.1991]]],


        [[[-0.2225, -0.1417,  0.1241],
          [ 0.2823, -0.0633,  0.2535],
          [-0.0516,  0.0366,  0.3042]]],


        [[[-0.3159, -0.2155, -0.0897],
          [-0.1348,  0.2844, -0.2208],
          [-0.1582, -0.2372, -0.3152]]],


        [[[-0.1969,  0.2843,  0.1451],
          [ 0.1565,  0.0138, -0.1731],
          [ 0.0525, -0.3141, -0.2442]]],


        [[[-0.1666,  0.2154,  0.2001],
          [-0.1446, -0.0096,  0.2158],
          [ 0.3315,  0.1329,  0.0458]]]])
Epoch 30 Weight results for first convolution layer TCGA-BRCA: tensor([[[[-0.0193,  0.1634, -0.2885],
          [-0.2513, -0.1314,  0.0817],
          [-0.0067,  0.2783, -0.0152]]],


        [[[ 0.0760, -0.1073, -0.0779],
          [-0.3246, -0.2214, -0.1507],
          [-0.0034,  0.1298,  0.1945]]],


        [[[-0.2098, -0.1343,  0.1305],
          [ 0.2989, -0.0491,  0.2611],
          [-0.0387,  0.0490,  0.3154]]],


        [[[-0.3209, -0.2241, -0.1058],
          [-0.1542,  0.2723, -0.2391],
          [-0.1923, -0.2487, -0.3144]]],


        [[[-0.1949,  0.2851,  0.1506],
          [ 0.1498,  0.0117, -0.1849],
          [ 0.0446, -0.3254, -0.2528]]],


        [[[-0.1507,  0.2235,  0.2087],
          [-0.1311, -0.0070,  0.2087],
          [ 0.3455,  0.1391,  0.0505]]]])
Epoch 30 Weight results for first convolution layer TCGA-KIRC: tensor([[[[-0.0197,  0.1628, -0.2890],
          [-0.2516, -0.1318,  0.0812],
          [-0.0071,  0.2779, -0.0156]]],


        [[[ 0.0763, -0.1071, -0.0776],
          [-0.3250, -0.2220, -0.1511],
          [-0.0034,  0.1297,  0.1943]]],


        [[[-0.2103, -0.1347,  0.1301],
          [ 0.2985, -0.0496,  0.2606],
          [-0.0391,  0.0486,  0.3149]]],


        [[[-0.3208, -0.2246, -0.1064],
          [-0.1537,  0.2727, -0.2387],
          [-0.1924, -0.2484, -0.3141]]],


        [[[-0.1944,  0.2855,  0.1511],
          [ 0.1503,  0.0122, -0.1844],
          [ 0.0450, -0.3249, -0.2524]]],


        [[[-0.1506,  0.2240,  0.2091],
          [-0.1308, -0.0067,  0.2091],
          [ 0.3459,  0.1395,  0.0508]]]])
Epoch 30 Weight results for first convolution layer TCGA-KIRP: tensor([[[[-0.0195,  0.1633, -0.2886],
          [-0.2511, -0.1316,  0.0818],
          [-0.0065,  0.2785, -0.0150]]],


        [[[ 0.0761, -0.1073, -0.0779],
          [-0.3252, -0.2222, -0.1513],
          [-0.0032,  0.1299,  0.1945]]],


        [[[-0.2097, -0.1341,  0.1304],
          [ 0.2983, -0.0497,  0.2604],
          [-0.0392,  0.0484,  0.3148]]],


        [[[-0.3210, -0.2248, -0.1066],
          [-0.1534,  0.2736, -0.2379],
          [-0.1922, -0.2482, -0.3139]]],


        [[[-0.1943,  0.2856,  0.1512],
          [ 0.1502,  0.0116, -0.1850],
          [ 0.0445, -0.3256, -0.2527]]],


        [[[-0.1504,  0.2242,  0.2093],
          [-0.1310, -0.0074,  0.2084],
          [ 0.3456,  0.1392,  0.0505]]]])
Epoch 30 Weight results for first convolution layer TCGA-LIHC: tensor([[[[-0.0197,  0.1629, -0.2890],
          [-0.2512, -0.1319,  0.0812],
          [-0.0062,  0.2791, -0.0154]]],


        [[[ 0.0759, -0.1076, -0.0780],
          [-0.3253, -0.2223, -0.1512],
          [-0.0031,  0.1304,  0.1943]]],


        [[[-0.2095, -0.1347,  0.1302],
          [ 0.2977, -0.0498,  0.2604],
          [-0.0393,  0.0484,  0.3145]]],


        [[[-0.3208, -0.2252, -0.1069],
          [-0.1528,  0.2742, -0.2377],
          [-0.1917, -0.2478, -0.3142]]],


        [[[-0.1947,  0.2855,  0.1512],
          [ 0.1495,  0.0114, -0.1853],
          [ 0.0441, -0.3260, -0.2529]]],


        [[[-0.1511,  0.2236,  0.2090],
          [-0.1317, -0.0079,  0.2084],
          [ 0.3453,  0.1389,  0.0500]]]])
Epoch 30 Weight results for first convolution layer TCGA-LUAD: tensor([[[[-0.0192,  0.1631, -0.2888],
          [-0.2513, -0.1322,  0.0810],
          [-0.0062,  0.2787, -0.0158]]],


        [[[ 0.0758, -0.1076, -0.0779],
          [-0.3258, -0.2231, -0.1516],
          [-0.0034,  0.1299,  0.1939]]],


        [[[-0.2091, -0.1342,  0.1303],
          [ 0.2984, -0.0491,  0.2612],
          [-0.0393,  0.0486,  0.3148]]],


        [[[-0.3211, -0.2254, -0.1072],
          [-0.1531,  0.2730, -0.2389],
          [-0.1915, -0.2475, -0.3143]]],


        [[[-0.1941,  0.2859,  0.1516],
          [ 0.1501,  0.0120, -0.1844],
          [ 0.0443, -0.3255, -0.2525]]],


        [[[-0.1508,  0.2240,  0.2093],
          [-0.1311, -0.0070,  0.2095],
          [ 0.3448,  0.1386,  0.0496]]]])
Epoch 30 Weight results for first convolution layer TCGA-LUSC: tensor([[[[-0.0195,  0.1627, -0.2893],
          [-0.2507, -0.1316,  0.0815],
          [-0.0056,  0.2792, -0.0153]]],


        [[[ 0.0751, -0.1083, -0.0786],
          [-0.3263, -0.2235, -0.1520],
          [-0.0036,  0.1297,  0.1936]]],


        [[[-0.2089, -0.1337,  0.1305],
          [ 0.2988, -0.0483,  0.2616],
          [-0.0387,  0.0493,  0.3153]]],


        [[[-0.3211, -0.2256, -0.1079],
          [-0.1527,  0.2733, -0.2386],
          [-0.1912, -0.2469, -0.3138]]],


        [[[-0.1945,  0.2855,  0.1511],
          [ 0.1495,  0.0116, -0.1849],
          [ 0.0438, -0.3260, -0.2532]]],


        [[[-0.1511,  0.2236,  0.2089],
          [-0.1316, -0.0075,  0.2090],
          [ 0.3442,  0.1378,  0.0487]]]])
Epoch 30 Weight results for first convolution layer TCGA-PRAD: tensor([[[[-0.0194,  0.1629, -0.2891],
          [-0.2509, -0.1318,  0.0815],
          [-0.0057,  0.2790, -0.0156]]],


        [[[ 0.0752, -0.1082, -0.0785],
          [-0.3265, -0.2235, -0.1521],
          [-0.0035,  0.1298,  0.1936]]],


        [[[-0.2088, -0.1336,  0.1307],
          [ 0.2988, -0.0485,  0.2620],
          [-0.0387,  0.0494,  0.3153]]],


        [[[-0.3212, -0.2258, -0.1080],
          [-0.1535,  0.2725, -0.2387],
          [-0.1906, -0.2470, -0.3137]]],


        [[[-0.1945,  0.2854,  0.1510],
          [ 0.1498,  0.0119, -0.1846],
          [ 0.0439, -0.3262, -0.2534]]],


        [[[-0.1511,  0.2236,  0.2088],
          [-0.1313, -0.0069,  0.2094],
          [ 0.3437,  0.1374,  0.0485]]]])
Epoch 30 Weight results for first convolution layer TCGA-THCA: tensor([[[[-0.0189,  0.1634, -0.2885],
          [-0.2505, -0.1315,  0.0818],
          [-0.0056,  0.2793, -0.0152]]],


        [[[ 0.0759, -0.1075, -0.0779],
          [-0.3256, -0.2227, -0.1513],
          [-0.0028,  0.1306,  0.1944]]],


        [[[-0.2094, -0.1340,  0.1312],
          [ 0.2988, -0.0485,  0.2624],
          [-0.0394,  0.0488,  0.3150]]],


        [[[-0.3208, -0.2255, -0.1076],
          [-0.1539,  0.2720, -0.2391],
          [-0.1910, -0.2472, -0.3138]]],


        [[[-0.1939,  0.2860,  0.1515],
          [ 0.1494,  0.0122, -0.1844],
          [ 0.0444, -0.3257, -0.2531]]],


        [[[-0.1511,  0.2242,  0.2094],
          [-0.1306, -0.0065,  0.2098],
          [ 0.3444,  0.1379,  0.0489]]]])
Epoch 30 Weight results for first convolution layer TCGA-UCEC: tensor([[[[-0.0190,  0.1631, -0.2889],
          [-0.2510, -0.1318,  0.0809],
          [-0.0062,  0.2788, -0.0158]]],


        [[[ 0.0759, -0.1078, -0.0779],
          [-0.3258, -0.2225, -0.1513],
          [-0.0031,  0.1307,  0.1945]]],


        [[[-0.2095, -0.1340,  0.1306],
          [ 0.2988, -0.0486,  0.2621],
          [-0.0401,  0.0486,  0.3153]]],


        [[[-0.3207, -0.2250, -0.1073],
          [-0.1543,  0.2721, -0.2388],
          [-0.1915, -0.2480, -0.3137]]],


        [[[-0.1938,  0.2863,  0.1512],
          [ 0.1498,  0.0120, -0.1847],
          [ 0.0447, -0.3258, -0.2525]]],


        [[[-0.1509,  0.2238,  0.2082],
          [-0.1303, -0.0067,  0.2091],
          [ 0.3447,  0.1379,  0.0490]]]])
