Epoch 0 Weight results for last linear layer TCGA-BRCA: tensor([[ 0.0365,  0.2349,  0.3205, -0.2921,  0.3141,  0.1086, -0.0398,  0.1748],
        [-0.0065, -0.2375, -0.2960,  0.1887,  0.0484, -0.1803,  0.1139, -0.1031],
        [ 0.3298,  0.0833,  0.0493,  0.2159, -0.1267,  0.1369, -0.3174, -0.2989]])
Epoch 0 Weight results for last linear layer TCGA-KIRC: tensor([[ 0.0380,  0.2349,  0.3205, -0.2927,  0.3143,  0.1082, -0.0393,  0.1761],
        [-0.0082, -0.2369, -0.2955,  0.1905,  0.0489, -0.1799,  0.1132, -0.1020],
        [ 0.3298,  0.0828,  0.0488,  0.2150, -0.1271,  0.1367, -0.3174, -0.2997]])
Epoch 0 Weight results for last linear layer TCGA-KIRP: tensor([[ 0.0396,  0.2349,  0.3203, -0.2935,  0.3140,  0.1082, -0.0385,  0.1764],
        [-0.0100, -0.2369, -0.2955,  0.1908,  0.0485, -0.1795,  0.1126, -0.1031],
        [ 0.3306,  0.0828,  0.0488,  0.2147, -0.1272,  0.1362, -0.3169, -0.2998]])
Epoch 0 Weight results for last linear layer TCGA-LIHC: tensor([[ 0.0391,  0.2349,  0.3203, -0.2940,  0.3135,  0.1082, -0.0385,  0.1759],
        [-0.0091, -0.2361, -0.2949,  0.1921,  0.0498, -0.1786,  0.1117, -0.1021],
        [ 0.3313,  0.0841,  0.0494,  0.2149, -0.1273,  0.1358, -0.3160, -0.2997]])
Epoch 0 Weight results for last linear layer TCGA-LUAD: tensor([[ 0.0400,  0.2349,  0.3203, -0.2931,  0.3144,  0.1082, -0.0385,  0.1768],
        [-0.0088, -0.2361, -0.2949,  0.1922,  0.0498, -0.1778,  0.1117, -0.1028],
        [ 0.3310,  0.0841,  0.0494,  0.2148, -0.1272,  0.1351, -0.3160, -0.2994]])
Epoch 0 Weight results for last linear layer TCGA-LUSC: tensor([[ 0.0404,  0.2349,  0.3197, -0.2936,  0.3144,  0.1082, -0.0373,  0.1777],
        [-0.0082, -0.2361, -0.2943,  0.1933,  0.0506, -0.1778,  0.1105, -0.1038],
        [ 0.3305,  0.0841,  0.0488,  0.2140, -0.1282,  0.1351, -0.3160, -0.3008]])
Epoch 0 Weight results for last linear layer TCGA-PRAD: tensor([[ 0.0412,  0.2349,  0.3197, -0.2941,  0.3141,  0.1082, -0.0373,  0.1777],
        [-0.0083, -0.2361, -0.2942,  0.1925,  0.0506, -0.1774,  0.1105, -0.1046],
        [ 0.3305,  0.0841,  0.0488,  0.2146, -0.1286,  0.1347, -0.3160, -0.2999]])
Epoch 0 Weight results for last linear layer TCGA-THCA: tensor([[ 0.0422,  0.2349,  0.3197, -0.2940,  0.3141,  0.1082, -0.0373,  0.1788],
        [-0.0089, -0.2361, -0.2942,  0.1914,  0.0511, -0.1772,  0.1105, -0.1056],
        [ 0.3305,  0.0841,  0.0488,  0.2157, -0.1290,  0.1345, -0.3160, -0.2993]])
Epoch 0 Weight results for last linear layer TCGA-UCEC: tensor([[ 0.0422,  0.2349,  0.3197, -0.2940,  0.3141,  0.1082, -0.0373,  0.1788],
        [-0.0105, -0.2356, -0.2937,  0.1912,  0.0514, -0.1762,  0.1105, -0.1058],
        [ 0.3316,  0.0836,  0.0483,  0.2160, -0.1291,  0.1336, -0.3160, -0.2991]])
Epoch 30 Weight results for last linear layer TCGA-BRCA: tensor([[ 0.0648,  0.2184,  0.3192, -0.2835,  0.2764,  0.1082, -0.0373,  0.2026],
        [-0.0140, -0.2305, -0.2916,  0.2123,  0.0694, -0.1724,  0.1105, -0.2072],
        [ 0.3497,  0.0860,  0.0462,  0.2010, -0.1438,  0.1299, -0.3160, -0.3118]])
Epoch 30 Weight results for last linear layer TCGA-KIRC: tensor([[ 0.0652,  0.2188,  0.3192, -0.2832,  0.2764,  0.1082, -0.0373,  0.2030],
        [-0.0142, -0.2311, -0.2916,  0.2121,  0.0693, -0.1724,  0.1105, -0.2072],
        [ 0.3492,  0.0856,  0.0462,  0.2011, -0.1436,  0.1299, -0.3160, -0.3122]])
Epoch 30 Weight results for last linear layer TCGA-KIRP: tensor([[ 0.0653,  0.2189,  0.3192, -0.2831,  0.2764,  0.1082, -0.0373,  0.2031],
        [-0.0144, -0.2312, -0.2919,  0.2118,  0.0691, -0.1724,  0.1105, -0.2072],
        [ 0.3491,  0.0855,  0.0465,  0.2012, -0.1434,  0.1299, -0.3160, -0.3123]])
Epoch 30 Weight results for last linear layer TCGA-LIHC: tensor([[ 0.0647,  0.2181,  0.3192, -0.2838,  0.2750,  0.1082, -0.0373,  0.2024],
        [-0.0150, -0.2316, -0.2916,  0.2113,  0.0685, -0.1724,  0.1105, -0.2083],
        [ 0.3499,  0.0859,  0.0461,  0.2018, -0.1428,  0.1299, -0.3160, -0.3117]])
Epoch 30 Weight results for last linear layer TCGA-LUAD: tensor([[ 0.0650,  0.2184,  0.3192, -0.2839,  0.2750,  0.1082, -0.0373,  0.2027],
        [-0.0150, -0.2314, -0.2916,  0.2114,  0.0686, -0.1724,  0.1105, -0.2083],
        [ 0.3501,  0.0860,  0.0461,  0.2018, -0.1429,  0.1299, -0.3160, -0.3119]])
Epoch 30 Weight results for last linear layer TCGA-LUSC: tensor([[ 0.0646,  0.2180,  0.3192, -0.2843,  0.2750,  0.1082, -0.0373,  0.2024],
        [-0.0147, -0.2311, -0.2919,  0.2117,  0.0689, -0.1724,  0.1105, -0.2083],
        [ 0.3500,  0.0858,  0.0465,  0.2015, -0.1432,  0.1299, -0.3160, -0.3115]])
Epoch 30 Weight results for last linear layer TCGA-PRAD: tensor([[ 0.0645,  0.2179,  0.3192, -0.2844,  0.2750,  0.1082, -0.0373,  0.2023],
        [-0.0153, -0.2317, -0.2924,  0.2110,  0.0682, -0.1724,  0.1105, -0.2083],
        [ 0.3507,  0.0866,  0.0469,  0.2020, -0.1425,  0.1299, -0.3160, -0.3114]])
Epoch 30 Weight results for last linear layer TCGA-THCA: tensor([[ 0.0653,  0.2187,  0.3192, -0.2836,  0.2750,  0.1082, -0.0373,  0.2030],
        [-0.0158, -0.2322, -0.2928,  0.2105,  0.0677, -0.1724,  0.1105, -0.2083],
        [ 0.3510,  0.0870,  0.0474,  0.2025, -0.1420,  0.1299, -0.3160, -0.3122]])
Epoch 30 Weight results for last linear layer TCGA-UCEC: tensor([[ 0.0657,  0.2192,  0.3188, -0.2831,  0.2739,  0.1082, -0.0373,  0.2034],
        [-0.0154, -0.2316, -0.2921,  0.2110,  0.0682, -0.1724,  0.1105, -0.2091],
        [ 0.3504,  0.0865,  0.0467,  0.2020, -0.1425,  0.1299, -0.3160, -0.3126]])
