Epoch 0 Weight results for first convolution layer Training_LGCfiltered_raw: tensor([[[[-0.0190,  0.1631, -0.2889],
          [-0.2510, -0.1318,  0.0809],
          [-0.0062,  0.2788, -0.0158]]],


        [[[ 0.0759, -0.1078, -0.0779],
          [-0.3258, -0.2225, -0.1513],
          [-0.0031,  0.1307,  0.1945]]],


        [[[-0.2095, -0.1340,  0.1306],
          [ 0.2988, -0.0486,  0.2621],
          [-0.0401,  0.0486,  0.3153]]],


        [[[-0.3207, -0.2250, -0.1073],
          [-0.1543,  0.2721, -0.2388],
          [-0.1915, -0.2480, -0.3137]]],


        [[[-0.1938,  0.2863,  0.1512],
          [ 0.1498,  0.0120, -0.1847],
          [ 0.0447, -0.3258, -0.2525]]],


        [[[-0.1509,  0.2238,  0.2082],
          [-0.1303, -0.0067,  0.2091],
          [ 0.3447,  0.1379,  0.0490]]]])
